lastAccountName: Qweende
timestamps:
  login: 1634771090165
  jail: 0
  logout: 1634771731994
  lastteleport: 1634766037775
ipAddress: 93.125.107.115
lastlocation:
  world: overworld
  x: 32.47266344069898
  y: 174.0
  z: -2.6611707273599152
  yaw: 0.30038452
  pitch: 15.600012
jailed: false
logoutlocation:
  world: DIM-6
  x: 44.57242323131012
  y: 100.08242933432979
  z: 49.17713007963519
  yaw: -24.151367
  pitch: 20.99989
