lastAccountName: AndRK
timestamps:
  login: 1634848358275
  lastteleport: 1634848397364
  logout: 1634857289863
  kits:
    start: 1634504262936
    food: 1634504377677
ipAddress: 178.127.74.198
lastlocation:
  world: DIM-6
  x: 49.4049055090843
  y: 70.0
  z: 77.16777149742096
  yaw: 16.0467
  pitch: 35.700054
logoutlocation:
  world: overworld
  x: 32.492372362732496
  y: 176.49809743187018
  z: -0.89868785822371
  yaw: 358.72363
  pitch: 26.549828
