lastAccountName: FenixOfDeaths
timestamps:
  login: 1634503930506
  lastteleport: 1634502306646
  kits:
    start: 1634504275362
  logout: 1634504567671
ipAddress: 194.158.212.5
lastlocation:
  world: overworld
  x: 31.735883074415057
  y: 174.0
  z: -1.5800116318751545
  yaw: -169.04956
  pitch: 17.699938
logoutlocation:
  world: overworld
  x: 43.393649071615684
  y: 175.00148255872693
  z: 4.3206233907405025
  yaw: -327.25104
  pitch: 64.34999
