spawns: 
  all: 
    world: overworld
    x: 32.47266344069898
    y: 174.0
    z: -2.6611707273599152
    yaw: 0.30038452
    pitch: 15.600012
  default: 
    world: overworld
    x: 32.47266344069898
    y: 174.0
    z: -2.6611707273599152
    yaw: 0.30038452
    pitch: 15.600012
  me: 
    world: overworld
    x: 32.47266344069898
    y: 174.0
    z: -2.6611707273599152
    yaw: 0.30038452
    pitch: 15.600012
